207 135 255 255 255 255 255 255 170 255 255 51 185 255 255 130 255 255 247 84 255 166 98 255 255 125 255 255 255 189 255 255 126 154 255 243 128 255 255 83 0 0 92 132 0 255 179 0 0 255 0 0 255 21 205 255 36 221 0 255 229 0 0 24 2 0 255 0 0 0 252 0 0 255 210 0 255 128 24 0 104 214 0 0 46 0 0 255 253 0 255 52 0 0 255 25 0 255 87 45 255 110 45 0 0 342 255 0 255 85 0 255 129 255 0 166 72 0 255 166 255 255 226 95 255 206 308 255 0 255 255 0 255 31 255 255 69 91 2 145 0 255 164 161 0 255 192 171 0 0 265 180 0 0 255 173 0 0 255 167 0 0 255 138 250 Route
gubd 213 145 0 255 255
xcbju 243 166 0 255 255
dcsus 215 184 0 255 255
dsihcx 227 128 0 255 255
dihs 168 114 0 255 255
Route
gubd 213 145 0 255 255
xcbju 243 166 0 255 255
dcsus 215 184 0 255 255
dsihcx 227 128 0 255 255
dihs 168 114 0 255 255
vdc 489 218 0 255 255
